;Device   MAC (hex)            SNET  SADR (hex)           APDU
;-------- -------------------- ----- -------------------- ----
  10001   11                   0     00                   199
  10002   12                   0     00                   199
  10003   13                   0     00                   199
  10004   14                   0     00                   199
  10005   15                   0     00                   199
  10006   16                   0     00                   199
  10007   18                   0     00                   199
  10009   19                   0     00                   199
  10010   1A                   0     00                   199
  10012   1B                   0     00                   199
  10013   1C                   0     00                   199
  10014   1D                   0     00                   199
  10015   1F                   0     00                   199
;

; Total Devices: 322
